PO	A	C	G	T
0	0.43	0.20	0.18	0.20
1	0.41	0.11	0.30	0.18
2	0.30	0.23	0.32	0.14
3	0.30	0.25	0.20	0.25
4	0.32	0.21	0.25	0.21
5	0.30	0.18	0.29	0.23
6	0.64	0.09	0.18	0.09
7	0.16	0.27	0.12	0.45
8	0.36	0.14	0.34	0.16
9	0.04	0.09	0.86	0.02
10	0.00	0.95	0.05	0.00
11	0.79	0.04	0.07	0.11
12	0.14	0.61	0.05	0.20
13	0.32	0.11	0.25	0.32
14	0.52	0.09	0.09	0.30
15	0.50	0.02	0.04	0.45
16	0.29	0.20	0.12	0.39
17	0.18	0.16	0.12	0.54
18	0.12	0.02	0.75	0.11
19	0.09	0.39	0.14	0.38
20	0.18	0.20	0.07	0.55
21	0.71	0.09	0.09	0.11
22	0.75	0.09	0.04	0.12
23	0.57	0.20	0.12	0.11
24	0.38	0.25	0.07	0.30
25	0.27	0.14	0.23	0.36
26	0.21	0.29	0.14	0.36
#max value: 2.79e-09