PO	A	C	G	T
0	0.25	0.26	0.23	0.25
1	0.22	0.23	0.29	0.25
2	0.25	0.21	0.24	0.31
3	0.24	0.16	0.30	0.30
4	0.29	0.21	0.25	0.25
5	0.19	0.21	0.22	0.39
6	0.08	0.04	0.81	0.07
7	0.17	0.12	0.65	0.05
8	0.27	0.11	0.23	0.38
9	0.23	0.13	0.29	0.36
10	0.29	0.23	0.29	0.18
11	0.33	0.29	0.17	0.21
12	0.23	0.45	0.08	0.24
13	0.00	0.87	0.01	0.12
14	0.01	0.90	0.01	0.07
15	0.31	0.27	0.15	0.27
16	0.36	0.29	0.13	0.22
17	0.26	0.33	0.18	0.23
18	0.17	0.31	0.27	0.25
19	0.19	0.24	0.29	0.28
20	0.21	0.27	0.26	0.27
#max value: 1.72e-09